<?xml version="1.0"?>
<opencv_storage>
<calibration_Time>"Thu 14 Dec 2017 07:46:46 AM -05"</calibration_Time>
<nrOfFrames>15</nrOfFrames>
<image_Width>2448</image_Width>
<image_Height>3264</image_Height>
<board_Width>6</board_Width>
<board_Height>4</board_Height>
<square_Size>36.</square_Size>
<FixAspectRatio>1.</FixAspectRatio>
<!-- flags:  +fix_aspectRatio +fix_principal_point +zero_tangent_dist -->
<flagValue>14</flagValue>
<Camera_Matrix type_id="opencv-matrix">
  <rows>3</rows>
  <cols>3</cols>
  <dt>d</dt>
  <data>
    2.9350356783055690e+03 0. 1224. 0. 2.9350356783055690e+03 1632. 0.
    0. 1.</data></Camera_Matrix>
<Distortion_Coefficients type_id="opencv-matrix">
  <rows>5</rows>
  <cols>1</cols>
  <dt>d</dt>
  <data>
    5.0239933371571066e-02 -1.0166522839016240e-01 0. 0.
    -9.0510216366234497e-01</data></Distortion_Coefficients>
<Avg_Reprojection_Error>1.3896394038554600e+00</Avg_Reprojection_Error>
<Per_View_Reprojection_Errors type_id="opencv-matrix">
  <rows>15</rows>
  <cols>1</cols>
  <dt>f</dt>
  <data>
    1.01557446e+00 7.20982313e-01 6.83260441e-01 8.09642494e-01
    8.27378333e-01 8.25963676e-01 8.00717175e-01 6.44117236e-01
    9.30701077e-01 1.74439263e+00 1.70077705e+00 3.61609292e+00
    9.86784637e-01 1.65246367e+00 5.36494613e-01</data></Per_View_Reprojection_Errors>
<!-- a set of 6-tuples (rotation vector + translation vector) for each view -->
<Extrinsic_Parameters type_id="opencv-matrix">
  <rows>15</rows>
  <cols>6</cols>
  <dt>d</dt>
  <data>
    -6.4131160743266702e-01 -6.6252978133553419e-03
    -1.1682171951691144e-02 -8.2109931937454803e+01
    -3.0660369065173022e+01 4.3727855124585750e+02
    -6.0556755219974734e-01 -3.6356743765955289e-02
    -3.6732108095239815e-02 -8.8520226377514760e+01
    -3.6862803916466753e+01 4.1503153563665768e+02
    -6.0401825707688295e-01 -3.9019897591294345e-02
    -2.7221029390561743e-02 -8.5617854169577967e+01
    -3.8348982285797824e+01 4.1535931063208022e+02
    -6.0418363736134162e-01 -3.4200396931507525e-02
    -2.3236169489143813e-02 -8.2809888836939479e+01
    -3.9195084999335485e+01 4.1591283556278796e+02
    -6.0164066747576805e-01 -2.8792101685698956e-02
    -2.0644605189806181e-02 -8.1094183760893671e+01
    -4.0272276815773246e+01 4.1672805349295811e+02
    -5.9895756292308167e-01 -2.4876076522245529e-02
    -1.8818558795722289e-02 -7.9774857139444805e+01
    -4.1742362973315736e+01 4.1652435476137288e+02
    -6.0096788538359192e-01 -2.0393768662132262e-02
    -1.8181277680286920e-02 -7.9260706032649310e+01
    -4.1743461760532540e+01 4.1716368231813556e+02
    -4.6884328174126755e-01 -3.7151973123031146e-02
    -2.5768652016187672e-02 -9.1001941701816506e+01
    -3.1087118144683011e+01 4.0365399090681382e+02
    -5.0077925129937884e-01 4.5069758596354273e-02
    5.1934364208309880e-01 -5.1201654602563444e+01
    -8.0184912169314117e+01 4.3561258573127566e+02
    -6.9757564427371888e-01 1.7121523033459957e-01
    1.3162363017214596e+00 1.9377095853632724e+01
    -1.1827314769576047e+02 3.8912045672706478e+02
    -5.5396571852392917e-01 -7.4308567439532058e-01
    -7.8525937624284525e-01 -5.9984932710530522e+01
    -5.2390654811733803e+00 2.7844685435646153e+02
    -1.0183916684193774e+00 2.0051529596271492e-01
    3.6440628668004560e-01 -3.8429165895019104e+01
    -3.3849153105157711e+01 4.3262009364849496e+02
    -8.1464675193619274e-01 5.2212451982196928e-01
    1.2050829586590093e+00 1.4240323608346216e+01
    -4.7184185282821872e+01 4.4869063076374221e+02
    -1.2005379280213288e-01 9.6652705758892149e-02
    1.5268806924418270e+00 4.7838759321041273e+01
    -8.7511204184407731e+01 3.3373525170598811e+02
    -1.1681468037793835e-01 7.8728910841970839e-02
    1.5549370834235370e+00 5.5607846078935374e+01
    -9.2480946127432929e+01 2.6829894830127790e+02</data></Extrinsic_Parameters>
<Image_points type_id="opencv-matrix">
  <rows>15</rows>
  <cols>24</cols>
  <dt>"2f"</dt>
  <data>
    6.72069763e+02 1.42644592e+03 9.13689148e+02 1.42416296e+03
    1.15600439e+03 1.42197583e+03 1.39769495e+03 1.41913428e+03
    1.63787683e+03 1.41711218e+03 1.88076709e+03 1.41524365e+03
    6.46200012e+02 1.62036768e+03 9.01406311e+02 1.61781555e+03
    1.15583777e+03 1.61476208e+03 1.40966162e+03 1.61262036e+03
    1.66258923e+03 1.61013159e+03 1.91637329e+03 1.60868359e+03
    6.17858826e+02 1.83345935e+03 8.88061768e+02 1.83165991e+03
    1.15599438e+03 1.82880383e+03 1.42352319e+03 1.82527930e+03
    1.69066028e+03 1.82401721e+03 1.95871875e+03 1.82180518e+03
    5.87458923e+02 2.07327612e+03 8.71321045e+02 2.06815186e+03
    1.15557092e+03 2.06399243e+03 1.43882898e+03 2.06382373e+03
    1.72129590e+03 2.06158862e+03 2.00462756e+03 2.06014038e+03
    5.96624634e+02 1.37055615e+03 8.53636780e+02 1.36586938e+03
    1.10769312e+03 1.36119885e+03 1.35968774e+03 1.35548486e+03
    1.60955725e+03 1.35078992e+03 1.85828699e+03 1.34525488e+03
    5.75894775e+02 1.57744141e+03 8.46412048e+02 1.57245789e+03
    1.11399243e+03 1.56621680e+03 1.37851086e+03 1.55966638e+03
    1.64092542e+03 1.55353613e+03 1.90187488e+03 1.54768286e+03
    5.52841309e+02 1.80784863e+03 8.38725037e+02 1.80033752e+03
    1.12037415e+03 1.79298279e+03 1.39934167e+03 1.78457776e+03
    1.67587524e+03 1.77753174e+03 1.95115112e+03 1.77050806e+03
    5.26885376e+02 2.06383398e+03 8.29222229e+02 2.05308203e+03
    1.12786450e+03 2.04307080e+03 1.42284509e+03 2.03646790e+03
    1.71533447e+03 2.02791443e+03 2.00603308e+03 2.01911670e+03
    6.17905151e+02 1.36043555e+03 8.74016357e+02 1.35817517e+03
    1.12791992e+03 1.35561511e+03 1.37972827e+03 1.35270154e+03
    1.62965454e+03 1.35026501e+03 1.87831787e+03 1.34714160e+03
    5.96326172e+02 1.56697717e+03 8.66201294e+02 1.56440588e+03
    1.13294421e+03 1.56097864e+03 1.39727368e+03 1.55651428e+03
    1.65973389e+03 1.55302271e+03 1.92088501e+03 1.54979065e+03
    5.71930420e+02 1.79617761e+03 8.57450195e+02 1.79194287e+03
    1.13839282e+03 1.78704077e+03 1.41695496e+03 1.78191687e+03
    1.69379285e+03 1.77778406e+03 1.96902966e+03 1.77298865e+03
    5.45157349e+02 2.05177100e+03 8.46580566e+02 2.04387793e+03
    1.14446094e+03 2.03698120e+03 1.43933606e+03 2.03353320e+03
    1.73160168e+03 2.02803210e+03 2.02230310e+03 2.02225146e+03
    6.38253845e+02 1.35493665e+03 8.94502258e+02 1.35301306e+03
    1.14830798e+03 1.35095581e+03 1.39982458e+03 1.34836255e+03
    1.64999731e+03 1.34644275e+03 1.89910071e+03 1.34360803e+03
    6.16043213e+02 1.56108679e+03 8.86198608e+02 1.55894653e+03
    1.15280432e+03 1.55593396e+03 1.41722693e+03 1.55229089e+03
    1.67977246e+03 1.54944299e+03 1.94112598e+03 1.54655017e+03
    5.91868347e+02 1.78967029e+03 8.76692505e+02 1.78592358e+03
    1.15765771e+03 1.78181628e+03 1.43643311e+03 1.77719861e+03
    1.71335376e+03 1.77392554e+03 1.98856958e+03 1.77005505e+03
    5.64423950e+02 2.04392163e+03 8.65428894e+02 2.03701428e+03
    1.16352441e+03 2.03139282e+03 1.45827124e+03 2.02855420e+03
    1.75092786e+03 2.02394373e+03 2.04135681e+03 2.01924451e+03
    6.51447815e+02 1.34830701e+03 9.07019287e+02 1.34605542e+03
    1.16028931e+03 1.34386768e+03 1.41192407e+03 1.34133740e+03
    1.66218994e+03 1.33958325e+03 1.91153003e+03 1.33746533e+03
    6.29372253e+02 1.55386218e+03 8.98377075e+02 1.55164209e+03
    1.16456982e+03 1.54856519e+03 1.42867944e+03 1.54515063e+03
    1.69178906e+03 1.54254834e+03 1.95324280e+03 1.54024829e+03
    6.04852539e+02 1.78183325e+03 8.88568115e+02 1.77806824e+03
    1.16897644e+03 1.77447339e+03 1.44752588e+03 1.76990137e+03
    1.72455640e+03 1.76725623e+03 2.00025854e+03 1.76414539e+03
    5.76811523e+02 2.03560999e+03 8.77077026e+02 2.02863379e+03
    1.17409106e+03 2.02338367e+03 1.46845276e+03 2.02124329e+03
    1.76126831e+03 2.01718835e+03 2.05222168e+03 2.01335449e+03
    6.60651489e+02 1.33773425e+03 9.15934875e+02 1.33563721e+03
    1.16939929e+03 1.33358228e+03 1.42132568e+03 1.33091858e+03
    1.67239294e+03 1.32923120e+03 1.92256934e+03 1.32723669e+03
